Session1/cl_deposition_final.txt
ncols         816
nrows         680
xllcorner     112.875000018
yllcorner     -43.924999998
cellsize      0.050000001
NODATA_value  -9999
[rows 308 to 335 of 680, columns 315 to 377 of 816]
1.498978 1.505575 1.511561 1.51683 1.521245 1.524686 1.527057 1.52834 1.528735 1.52883 1.528211 1.526868 1.524963 1.522531 1.519665 1.516401 1.512794 1.508864 1.504649 1.500162 1.496 1.491606 1.487849 1.48565 1.483242 1.480623 1.477808 1.474797 1.47159 1.4682 1.472966 1.468074 1.463032 1.457854 1.452545 1.447093 1.441512 1.435792 1.429937 1.423952 1.426015 1.420267 1.4144 1.40841 1.402323 1.396148 1.386009 1.379704 1.373274 1.366722 1.360064 1.353307 1.346467 1.339553 1.332568 1.325523 1.318424 1.311281 1.304092 1.296865 1.27256 1.26459 1.256607
1.514822 1.521114 1.526778 1.531731 1.535865 1.539105 1.541374 1.542663 1.543183 1.543404 1.543043 1.541961 1.540297 1.538093 1.535416 1.532319 1.528837 1.52501 1.520867 1.516431 1.512274 1.507905 1.503791 1.501645 1.499266 1.496668 1.493859 1.490836 1.487618 1.484199 1.48873 1.483794 1.478705 1.473468 1.468081 1.462553 1.45688 1.451073 1.445114 1.446681 1.440933 1.435064 1.429068 1.42296 1.416743 1.41043 1.403994 1.39411 1.387541 1.380855 1.374061 1.367163 1.36018 1.353111 1.345973 1.338767 1.331506 1.32419 1.316828 1.309429 1.284297 1.276147 1.267972
1.530775 1.536788 1.542181 1.546871 1.550784 1.553858 1.55604 1.557328 1.557918 1.558209 1.558048 1.557186 1.555737 1.553733 1.551235 1.548295 1.544942 1.541221 1.537161 1.532793 1.528638 1.524296 1.519833 1.517733 1.515396 1.512822 1.510025 1.507008 1.503778 1.500342 1.504654 1.499676 1.494538 1.489246 1.483792 1.478192 1.472436 1.466534 1.467629 1.461909 1.456041 1.450061 1.443957 1.437713 1.43137 1.424925 1.418362 1.408729 1.402025 1.395199 1.388257 1.381219 1.374083 1.366865 1.359564 1.352196 1.344766 1.337274 1.32974 1.322161 1.296194 1.287853 1.279487
1.546885 1.552658 1.557814 1.562281 1.566006 1.568938 1.571054 1.572325 1.57296 1.573287 1.573285 1.572605 1.571331 1.569506 1.567168 1.564378 1.561146 1.557535 1.553557 1.549247 1.545113 1.540811 1.536223 1.533932 1.531638 1.529105 1.526326 1.523319 1.520087 1.516638 1.512973 1.515735 1.510555 1.505207 1.499696 1.494025 1.488187 1.482197 1.48316 1.477333 1.471375 1.465282 1.459049 1.452692 1.446216 1.439646 1.430286 1.423564 1.416719 1.409753 1.402667 1.395473 1.388192 1.380813 1.373353 1.36582 1.35822 1.350558 1.34284 1.316759 1.308264 1.299723 1.29117
1.563212 1.568768 1.573716 1.577993 1.58156 1.58438 1.586417 1.58768 1.588329 1.588652 1.588786 1.588248 1.587122 1.585457 1.583267 1.580607 1.577504 1.573986 1.570088 1.565836 1.561719 1.557457 1.552898 1.55027 1.548033 1.545534 1.54278 1.539788 1.53656 1.533103 1.529417 1.531991 1.526767 1.521368 1.515799 1.510054 1.504144 1.504688 1.498914 1.492992 1.48693 1.480722 1.474383 1.467901 1.4613 1.454597 1.447768 1.438631 1.431642 1.424526 1.417296 1.409962 1.402517 1.394977 1.38736 1.379651 1.371881 1.364041 1.356146 1.329196 1.320503 1.311772 1.303014
1.579783 1.585149 1.589917 1.594023 1.597455 1.600167 1.602152 1.603389 1.604046 1.604332 1.604571 1.604155 1.603155 1.601628 1.599566 1.597026 1.594024 1.590606 1.586787 1.582606 1.578491 1.574275 1.56974 1.56676 1.564582 1.562129 1.559409 1.556436 1.553218 1.549751 1.54605 1.542125 1.543187 1.537742 1.532111 1.532009 1.526459 1.520755 1.514898 1.508882 1.50272 1.496405 1.489952 1.483355 1.476624 1.469801 1.462844 1.453929 1.446799 1.43954 1.432162 1.424671 1.417072 1.409375 1.401584 1.393708 1.385756 1.377741 1.369657 1.341823 1.332933 1.323996 1.315045
1.596632 1.601829 1.606436 1.6104 1.613709 1.616331 1.618256 1.619467 1.620112 1.620349 1.620669 1.620357 1.619466 1.618046 1.616096 1.613669 1.610763 1.607433 1.603686 1.599562 1.595456 1.591278 1.58677 1.583431 1.581308 1.578904 1.576221 1.573272 1.570062 1.566597 1.562884 1.558939 1.554751 1.554334 1.553904 1.548462 1.542849 1.537069 1.531122 1.52502 1.518761 1.512342 1.505778 1.499066 1.492209 1.485261 1.476623 1.469489 1.46221 1.454804 1.447275 1.439626 1.431867 1.424006 1.416045 1.407996 1.399866 1.39166 1.363694 1.354649 1.34556 1.336427 1.327262
1.613776 1.618825 1.623286 1.627131 1.630334 1.632873 1.634736 1.635921 1.636545 1.636716 1.637109 1.636872 1.636068 1.634749 1.6329 1.630554 1.627742 1.624484 1.620808 1.616732 1.61263 1.608496 1.604018 1.600291 1.598238 1.595876 1.593237 1.590311 1.587117 1.583654 1.579939 1.575971 1.571763 1.575985 1.570667 1.565166 1.559489 1.553636 1.547608 1.541413 1.53507 1.528549 1.52187 1.515041 1.508066 1.500987 1.493769 1.485307 1.477886 1.47033 1.462648 1.454845 1.446918 1.438892 1.409172 1.400451 1.39165 1.382756 1.373804 1.364769 1.358401 1.34906 1.33969
1.631253 1.636166 1.640502 1.644226 1.647331 1.649793 1.651605 1.652759 1.653354 1.653478 1.653892 1.653729 1.652991 1.651753 1.649988 1.647725 1.644985 1.641799 1.638173 1.634149 1.630047 1.625944 1.621494 1.617367 1.615374 1.61307 1.610469 1.607577 1.604398 1.600943 1.59723 1.593244 1.589009 1.593042 1.587683 1.582129 1.57639 1.570472 1.564368 1.558093 1.551642 1.545021 1.538239 1.531296 1.524199 1.516999 1.508819 1.501397 1.493835 1.486131 1.457609 1.449164 1.440601 1.431917 1.42312 1.414225 1.405237 1.396157 1.387003 1.377769 1.371467 1.361915 1.352327
1.649067 1.653862 1.658072 1.661704 1.664717 1.667106 1.66887 1.669995 1.670549 1.670686 1.671039 1.670929 1.670249 1.669079 1.667384 1.665194 1.66252 1.659393 1.655821 1.651836 1.647729 1.643658 1.639228 1.63468 1.632752 1.630512 1.627946 1.625085 1.621926 1.618479 1.614762 1.610769 1.606513 1.610383 1.604972 1.599374 1.593578 1.587589 1.58141 1.575048 1.568505 1.561787 1.554902 1.54785 1.540633 1.533304 1.525824 1.497477 1.489302 1.480974 1.472506 1.463905 1.45517 1.446312 1.437337 1.428259 1.41908 1.409805 1.400453 1.391019 1.381525 1.374996 1.365196
1.667236 1.671919 1.676032 1.679569 1.682504 1.684827 1.686539 1.687627 1.688146 1.688281 1.688557 1.688498 1.687865 1.686754 1.685118 1.682985 1.680364 1.677289 1.673763 1.669811 1.665682 1.661646 1.657237 1.652471 1.650391 1.648195 1.645678 1.642848 1.639719 1.636283 1.632564 1.628567 1.624288 1.643118 1.622564 1.616913 1.611054 1.605005 1.59875 1.592306 1.585675 1.578865 1.571872 1.564705 1.55737 1.529289 1.52129 1.513128 1.504798 1.49632 1.487687 1.478922 1.470017 1.460984 1.451827 1.44256 1.433187 1.423715 1.41416 1.404523 1.39481 1.385036 1.375224
1.685781 1.690364 1.694383 1.697831 1.700694 1.702955 1.70462 1.705673 1.706158 1.706277 1.706465 1.706445 1.705856 1.704784 1.703197 1.701112 1.698549 1.695506 1.692023 1.688098 1.683943 1.679937 1.675542 1.67078 1.668295 1.666159 1.663686 1.660891 1.657779 1.654365 1.650645 1.673127 1.667784 1.662195 1.656368 1.650306 1.628847 1.622724 1.616405 1.609881 1.603164 1.596254 1.589163 1.581882 1.553494 1.545532 1.537388 1.529079 1.520602 1.51196 1.503169 1.494234 1.485153 1.475942 1.466601 1.457145 1.447577 1.437907 1.42814 1.418296 1.408367 1.398372 1.388333
1.723744 1.728026 1.731732 1.71651 1.7193 1.721504 1.723123 1.724137 1.724584 1.724685 1.724775 1.724786 1.724233 1.72319 1.721648 1.719606 1.71707 1.71407 1.710611 1.706715 1.702525 1.698536 1.69416 1.689399 1.68649 1.68441 1.681986 1.679224 1.676135 1.672737 1.697717 1.692607 1.687242 1.681628 1.675761 1.669652 1.663309 1.640775 1.634383 1.627781 1.620981 1.613976 1.606779 1.57815 1.57018 1.562075 1.553793 1.545339 1.536713 1.527916 1.51896 1.509853 1.500599 1.491205 1.481678 1.472027 1.462262 1.452387 1.442414 1.432348 1.422202 1.41198 1.40172
1.744621 1.748808 1.75245 1.755519 1.738332 1.74048 1.742048 1.743031 1.743438 1.743514 1.743501 1.743527 1.743008 1.741987 1.740474 1.738467 1.735969 1.73299 1.729551 1.725674 1.721448 1.717489 1.713113 1.708353 1.704998 1.702972 1.700588 1.697868 1.726974 1.722419 1.717577 1.712461 1.707078 1.701431 1.695534 1.689384 1.682983 1.676335 1.652706 1.646028 1.639143 1.610868 1.60318 1.595287 1.587189 1.57895 1.57053 1.561926 1.553141 1.544194 1.535073 1.525789 1.516364 1.506785 1.49707 1.487225 1.477256 1.467175 1.456988 1.446702 1.436332 1.425889 1.41539
1.765953 1.770065 1.773646 1.776651 1.779074 1.780905 1.779728 1.781013 1.781723 1.782093 1.782296 1.782673 1.782498 1.78181 1.780642 1.778964 1.776797 1.774139 1.771016 1.76743 1.76344 1.759774 1.755685 1.751194 1.747644 1.74596 1.743904 1.751451 1.747203 1.742655 1.73782 1.732697 1.727306 1.721631 1.715698 1.709501 1.703048 1.696344 1.689393 1.682198 1.636171 1.62858 1.620778 1.612758 1.60454 1.596162 1.587601 1.578853 1.569919 1.560805 1.551516 1.542068 1.532462 1.522697 1.512793 1.502748 1.492577 1.482286 1.471883 1.461377 1.450779 1.440102 1.429361
1.787769 1.7918 1.795319 1.798269 1.800643 1.802437 1.801758 1.803011 1.803686 1.80401 1.804089 1.804487 1.804326 1.803654 1.802499 1.800839 1.798693 1.796048 1.792934 1.789356 1.785323 1.781648 1.777561 1.773057 1.769001 1.767367 1.765364 1.762985 1.767831 1.7633 1.758467 1.75334 1.747933 1.742237 1.736267 1.730037 1.723528 1.716762 1.687454 1.679602 1.671496 1.646639 1.638724 1.630589 1.622241 1.613724 1.605031 1.596134 1.587047 1.577773 1.568322 1.558699 1.548906 1.538961 1.528857 1.518613 1.508239 1.497734 1.487115 1.47638 1.465551 1.454636 1.443651
1.810061 1.814019 1.817485 1.820389 1.822716 1.822497 1.824278 1.825494 1.82614 1.826409 1.82636 1.826765 1.826622 1.825959 1.824821 1.823176 1.821042 1.818407 1.815294 1.811713 1.807674 1.803947 1.799852 1.795343 1.790755 1.789176 1.78721 1.78487 1.78216 1.784353 1.779532 1.774403 1.768983 1.763264 1.757265 1.750982 1.744434 1.715317 1.707642 1.699699 1.691489 1.683017 1.674298 1.648783 1.640307 1.631656 1.622817 1.613783 1.60454 1.595102 1.585487 1.575684 1.565721 1.55558 1.545289 1.534843 1.524256 1.513536 1.502695 1.491732 1.480662 1.469512 1.458282
1.830473 1.834334 1.840162 1.843015 1.845304 1.845566 1.847305 1.848483 1.849089 1.849318 1.849125 1.849532 1.849404 1.848741 1.847621 1.845978 1.843849 1.841227 1.838114 1.834528 1.830479 1.826693 1.822587 1.818066 1.813116 1.811388 1.809474 1.807162 1.80448 1.801419 1.801027 1.7959 1.790464 1.784728 1.778701 1.772383 1.743489 1.736016 1.728254 1.720221 1.711909 1.703331 1.69449 1.685392 1.658756 1.649974 1.640997 1.631807 1.622415 1.61282 1.603033 1.593063 1.58291 1.572586 1.562094 1.551445 1.540649 1.529714 1.518643 1.507453 1.496142 1.484748 1.473262
1.855008 1.858798 1.86213 1.864907 1.867115 1.869141 1.870843 1.871983 1.872566 1.872729 1.872517 1.872804 1.872678 1.872014 1.870903 1.869275 1.867144 1.864524 1.861408 1.857809 1.853746 1.849894 1.845785 1.841231 1.836265 1.834036 1.832159 1.829886 1.827227 1.824181 1.822979 1.817849 1.812402 1.806652 1.800594 1.771958 1.764701 1.757151 1.749304 1.74118 1.732772 1.724082 1.715128 1.705905 1.696425 1.668682 1.659571 1.650239 1.640687 1.630937 1.620984 1.610834 1.600498 1.589985 1.579298 1.568439 1.557436 1.546278 1.534977 1.523559 1.512004 1.500358 1.48862
1.88006 1.883787 1.887062 1.889796 1.891951 1.893535 1.894548 1.896014 1.896558 1.896665 1.896434 1.896587 1.896472 1.895812 1.894695 1.893068 1.89094 1.888313 1.885191 1.88158 1.877493 1.873572 1.869446 1.864883 1.859883 1.857121 1.855293 1.85306 1.850424 1.847396 1.84399 1.840199 1.834812 1.807375 1.800687 1.793677 1.786362 1.778741 1.770816 1.762597 1.754091 1.745297 1.736227 1.726884 1.717273 1.707429 1.692747 1.669076 1.659379 1.64947 1.639344 1.629021 1.618501 1.607795 1.596909 1.585853 1.574629 1.563246 1.551721 1.540055 1.528267 1.539484 1.527144
1.905718 1.909316 1.912534 1.915211 1.917323 1.918874 1.919834 1.920229 1.921085 1.92114 1.920881 1.920905 1.920781 1.920125 1.919008 1.917375 1.915251 1.912609 1.909474 1.905846 1.901741 1.897745 1.893603 1.889013 1.883984 1.880671 1.878882 1.876689 1.874082 1.871074 1.867678 1.863893 1.836073 1.829666 1.822933 1.815869 1.80849 1.800803 1.7928 1.78449 1.775883 1.766984 1.757804 1.748333 1.738593 1.728615 1.713451 1.703397 1.693089 1.682535 1.658134 1.647637 1.636933 1.626034 1.614951 1.603687 1.592247 1.580649 1.568891 1.556989 1.569415 1.556913 1.544292
1.931919 1.935394 1.938548 1.941186 1.943249 1.944756 1.945686 1.946036 1.94581 1.946165 1.945872 1.945756 1.945636 1.94498 1.943842 1.942218 1.940075 1.937433 1.934284 1.930636 1.926507 1.922425 1.918268 1.913655 1.908588 1.904696 1.902958 1.900795 1.898224 1.895236 1.891854 1.889496 1.884194 1.878552 1.845663 1.838555 1.831113 1.823346 1.815264 1.80687 1.79817 1.789169 1.779874 1.770278 1.760413 1.750291 1.739946 1.724444 1.713994 1.703286 1.692335 1.681143 1.669715 1.658061 1.646191 1.62197 1.610317 1.598491 1.586504 1.600237 1.587582 1.574818 1.561917
1.958683 1.962021 1.965127 1.967719 1.969753 1.971211 1.972098 1.97241 1.972151 1.971361 1.971422 1.971156 1.971036 1.970382 1.96924 1.967598 1.965454 1.962797 1.959628 1.955961 1.951798 1.947634 1.943458 1.938817 1.933709 1.929207 1.927522 1.925394 1.922858 1.919898 1.918738 1.913785 1.908481 1.902826 1.896843 1.86173 1.854225 1.846396 1.838238 1.82976 1.820964 1.811858 1.802453 1.792744 1.78275 1.772488 1.756322 1.745999 1.735409 1.724553 1.713438 1.702078 1.690477 1.678639 1.666572 1.654285 1.6418 1.629099 1.631929 1.619167 1.606254 1.593222 1.580043
1.986015 1.989225 1.992274 1.99483 1.996825 1.998245 1.999095 1.99937 1.999064 1.998221 1.997109 1.995919 1.997003 1.996344 1.995181 1.993545 1.991387 1.988712 1.985524 1.981835 1.977642 1.973385 1.969187 1.964519 1.959383 1.954226 1.952584 1.950515 1.948005 1.945068 1.943553 1.938607 1.933307 1.927645 1.921637 1.885419 1.877863 1.869971 1.861733 1.853173 1.844285 1.835074 1.825563 1.815741 1.805611 1.795213 1.778529 1.768073 1.757342 1.746343 1.735068 1.723542 1.711767 1.699744 1.687483 1.675003 1.662297 1.649378 1.636263 1.638625 1.625453 1.612148 1.598696
2.013921 2.017005 2.019997 2.022529 2.024486 2.025872 2.026684 2.026916 2.026576 2.025675 2.024515 2.023147 2.022255 2.022892 2.021708 2.02006 2.017885 2.015203 2.011991 2.008274 2.004052 1.999698 1.995478 1.990771 1.985599 1.979957 1.978188 1.976152 1.973682 1.973474 1.968916 1.963983 1.958685 1.953017 1.94699 1.9406 1.933874 1.894069 1.88576 1.877121 1.868139 1.858839 1.849214 1.83927 1.829021 1.818483 1.801272 1.790688 1.779818 1.768663 1.75724 1.745548 1.733597 1.721394 1.708943 1.69626 1.683347 1.670213 1.65687 1.658627 1.645202 1.631632 1.6179
2.042426 2.045375 2.048322 2.050818 2.052747 2.054103 2.054878 2.055073 2.054694 2.05373 2.052516 2.05098 2.050071 2.048606 2.048822 2.047162 2.044974 2.042276 2.039046 2.035296 2.03104 2.02658 2.022336 2.017601 2.012389 2.006707 2.004324 2.002333 2.003533 1.999378 1.994839 1.989913 1.984619 1.978945 1.972914 1.966508 1.959747 1.918728 1.91035 1.901619 1.892557 1.883161 1.873423 1.863368 1.852998 1.842332 1.824574 1.813854 1.802848 1.791558 1.779972 1.768123 1.755997 1.743611 1.730975 1.718088 1.704969 1.691617 1.678044 1.679206 1.665529 1.651688 1.637681
2.071532 2.07436 2.077264 2.079729 2.081625 2.082949 2.083692 2.083852 2.083435 2.082427 2.081141 2.079406 2.078508 2.077022 2.074996 2.072491 2.072661 2.069943 2.066691 2.062912 2.058619 2.054057 2.049783 2.045013 2.039764 2.034029 2.031013 2.029073 2.02998 2.025856 2.021345 2.016435 2.011141 2.005469 1.999422 1.993005 1.986213 1.979058 1.971544 1.926699 1.917549 1.908053 1.898215 1.888049 1.877552 1.86675 1.848441 1.837595 1.826459 1.815016 1.803286 1.791271 1.77898 1.76642 1.753593 1.74051 1.727178 1.713615 1.69982 1.6858 1.686449 1.672347 1.65806
2.101263 2.104035 2.106837 2.109258 2.111126 2.112424 2.113137 2.11326 2.1128 2.111759 2.1104 2.108598 2.107558 2.106069 2.104015 2.1015 2.098423 2.098226 2.094953 2.091141 2.086812 2.082133 2.077837 2.073032 2.067741 2.061963 2.058276 2.060692 2.05701 2.05293 2.048439 2.043549 2.038265 2.032598 2.026543 2.020104 2.013287 2.006097 1.998545 1.990628 1.943131 1.933542 1.923603 1.913329 1.902715 1.891778 1.880596 1.861936 1.850659 1.839078 1.827196 1.815023 1.802567 1.789827 1.776819 1.763543 1.750013 1.736236 1.722219 1.707964 1.708002 1.693633 1.679072
