Session1/cl_deposition_final.txt
ncols         816
nrows         680
xllcorner     112.875000018
yllcorner     -43.924999998
cellsize      0.050000001
NODATA_value  -9999
[rows 448 to 475 of 680, columns 630 to 692 of 816]
3.342891 3.306134 3.269747 3.28778 3.281611 3.275401 3.269152 3.267676 3.288991 3.310669 3.332737 3.355189 3.378038 3.4013 3.42496 3.449012 3.473451 3.498255 3.523408 3.548892 3.547258 3.570552 3.594005 3.617617 3.64136 3.665212 3.689167 3.713216 3.68773 3.711508 3.735351 3.759255 3.783213 3.807226 3.904055 3.928381 3.952744 3.97716 4.001641 4.02619 4.050817 4.07554 4.100375 4.082374 4.104468 4.126556 4.148637 4.170732 4.192842 4.214984 4.237161 4.259375 4.281641 4.303958 4.326326 4.34876 4.371239 4.393773 4.416361 4.438995 4.45089 4.476561 4.50229
3.355627 3.318676 3.336593 3.330394 3.324123 3.317803 3.311454 3.30511 3.305093 3.326881 3.349077 3.371702 3.394737 3.41821 3.442102 3.466407 3.491116 3.516203 3.541647 3.567435 3.593541 3.589791 3.613537 3.637419 3.661428 3.685547 3.709767 3.734066 3.711615 3.735637 3.759719 3.783851 3.808035 3.832263 3.856534 3.94953 3.974064 3.998637 4.023268 4.047958 4.072726 4.097569 4.079442 4.101588 4.123704 4.145802 4.167888 4.189978 4.212076 4.234202 4.256354 4.278541 4.300777 4.323066 4.345403 4.367774 4.390215 4.412704 4.43524 4.457825 4.468145 4.493798 4.519503
3.36827 3.339602 3.379981 3.373662 3.367271 3.36083 3.354369 3.347921 3.341541 3.342998 3.365328 3.388108 3.41133 3.435033 3.459168 3.483741 3.508735 3.53412 3.559883 3.585981 3.612408 3.60908 3.633116 3.657286 3.681579 3.705982 3.730469 3.711303 3.735523 3.759794 3.784122 3.808483 3.832887 3.857337 3.8818 3.906323 3.995523 4.020251 4.045014 4.069837 4.094725 4.119692 4.09858 4.120742 4.142858 4.164947 4.187024 4.209085 4.231164 4.253254 4.275366 4.297516 4.319709 4.341949 4.364233 4.386564 4.408948 4.431376 4.453843 4.476359 4.49891 4.510667 4.536336
3.387996 3.382229 3.424054 3.417608 3.411084 3.404506 3.397907 3.39134 3.384848 3.378475 3.381465 3.404402 3.427822 3.451747 3.476148 3.501013 3.526315 3.552027 3.578115 3.60455 3.631313 3.628438 3.652775 3.677248 3.701836 3.726511 3.751269 3.734997 3.759472 3.784001 3.80857 3.833159 3.857784 3.882433 3.907111 3.931797 4.01712 4.04199 4.066891 4.091833 4.116835 4.141904 4.117678 4.139829 4.161933 4.184002 4.206045 4.228064 4.250088 4.27213 4.294195 4.316288 4.338429 4.360608 4.382832 4.405109 4.427423 4.449778 4.47217 4.494601 4.517072 4.527164 4.552776
3.43141 3.475301 3.468833 3.46225 3.455578 3.448851 3.442099 3.435385 3.428785 3.422312 3.415974 3.420574 3.44421 3.468368 3.493042 3.518219 3.543851 3.569915 3.596362 3.623164 3.650265 3.647867 3.672525 3.697309 3.722193 3.747156 3.734026 3.758738 3.783483 3.808263 3.833069 3.857881 3.882725 3.90758 3.932451 3.957335 4.038875 4.063879 4.088906 4.113968 4.13906 4.114516 4.136719 4.158851 4.180923 4.20295 4.224941 4.24691 4.268864 4.290834 4.31283 4.334852 4.356919 4.379025 4.401185 4.423388 4.445629 4.467906 4.490214 4.51255 4.534921 4.543272 4.568818
3.472571 3.467911 3.514352 3.507618 3.500773 3.493868 3.486961 3.480082 3.47333 3.466738 3.460343 3.454146 3.460461 3.484882 3.509866 3.535373 3.561373 3.587808 3.614634 3.641815 3.60862 3.633599 3.658699 3.683916 3.742677 3.767939 3.757561 3.78254 3.807552 3.832587 3.857628 3.882678 3.907739 3.932795 3.957855 3.982912 4.007979 4.085927 4.021432 4.043436 4.06535 4.087165 4.155715 4.177812 4.199841 4.221798 4.243714 4.265601 4.287477 4.309358 4.331269 4.353205 4.375186 4.397213 4.41929 4.441403 4.463554 4.485743 4.507951 4.530192 4.515109 4.538713 4.5624
3.52093 3.516155 3.511135 3.553737 3.546713 3.539616 3.532513 3.52545 3.518515 3.511796 3.5053 3.499076 3.493137 3.501291 3.526607 3.552493 3.578886 3.605729 3.632971 3.604616 3.629806 3.655143 3.6806 3.706147 3.731767 3.757432 3.781172 3.80643 3.831703 3.856989 3.882267 3.907543 3.932816 3.95807 3.983328 4.008555 4.033782 4.022032 4.044178 4.066203 4.088127 4.109939 4.131653 4.196715 4.218664 4.240547 4.262371 4.284154 4.305928 4.327704 4.349504 4.371331 4.393212 4.415148 4.437134 4.459156 4.481218 4.503298 4.525405 4.512908 4.536302 4.559774 4.583332
3.570055 3.565165 3.56001 3.554629 3.593443 3.586136 3.578803 3.571504 3.564368 3.557473 3.550869 3.544609 3.538733 3.533175 3.545646 3.570662 3.596439 3.623713 3.600045 3.625468 3.651045 3.676755 3.702565 3.728467 3.7544 3.780383 3.806384 3.830415 3.855954 3.881475 3.906997 3.932494 3.957974 3.98343 4.008868 4.034276 4.022359 4.044651 4.066821 4.088854 4.110775 4.132568 4.15425 4.175828 4.237427 4.259209 4.280916 4.302576 4.324213 4.345852 4.367522 4.389233 4.411001 4.432832 4.454715 4.47664 4.498598 4.520575 4.510579 4.533781 4.557041 4.580366 4.603765
3.619982 3.614994 3.609714 3.604172 3.598388 3.63348 3.625877 3.618314 3.610914 3.603798 3.597051 3.590755 3.584943 3.579567 3.574548 3.593513 3.6196 3.599152 3.623497 3.647993 3.672591 3.698488 3.724659 3.750879 3.777144 3.803426 3.829717 3.854504 3.8803 3.906071 3.931826 3.95754 3.983225 4.008882 4.034499 4.060073 4.044853 4.067182 4.08936 4.111401 4.133306 4.155066 4.176707 4.198215 4.219609 4.27778 4.29935 4.320861 4.342333 4.363811 4.385323 4.406893 4.428538 4.45026 4.472041 4.493866 4.515707 4.508147 4.531162 4.554218 4.577325 4.600472 4.623692
3.670774 3.665689 3.660287 3.654583 3.648618 3.642436 3.67382 3.665936 3.658207 3.650804 3.64385 3.637495 3.631793 3.626664 3.621979 3.617556 3.600522 3.625233 3.650133 3.675152 3.700248 3.725391 3.750533 3.775667 3.800775 3.826592 3.85317 3.879728 3.904769 3.930782 3.956766 3.982697 4.008584 4.034428 4.060227 4.044769 4.067268 4.089609 4.1118 4.133836 4.155715 4.177438 4.199011 4.220445 4.241736 4.262917 4.317692 4.339021 4.360304 4.381587 4.402909 4.424313 4.445827 4.467432 4.489109 4.510828 4.505632 4.528475 4.551332 4.574223 4.597148 4.620105 4.643118
3.72245 3.717288 3.711787 3.705952 3.699795 3.693377 3.686744 3.714476 3.70633 3.698534 3.691291 3.684839 3.679294 3.674519 3.670284 3.627579 3.626251 3.651581 3.677045 3.702593 3.728188 3.753781 3.779364 3.804929 3.830424 3.855874 3.881262 3.906567 3.931797 3.955627 3.981817 4.007963 4.034051 4.060086 4.044389 4.067085 4.089608 4.111969 4.134151 4.156166 4.178014 4.19968 4.221187 4.242529 4.263717 4.284762 4.305668 4.357078 4.378134 4.399176 4.420272 4.441484 4.462858 4.484355 4.505938 4.503041 4.52572 4.548407 4.571096 4.593802 4.616514 4.63925 4.662033
3.775051 3.769857 3.764285 3.758322 3.752009 3.745372 3.73846 3.731334 3.755464 3.747121 3.739417 3.7328 3.72749 3.72326 3.68459 3.679105 3.673512 3.678275 3.704307 3.730373 3.756436 3.782488 3.808495 3.834448 3.860353 3.886175 3.911906 3.937571 3.96314 3.987648 4.012512 4.037263 4.061905 4.044277 4.066635 4.089353 4.111886 4.134244 4.156418 4.178404 4.200202 4.221812 4.243241 4.264482 4.285543 4.306449 4.327178 4.347784 4.395845 4.416604 4.437418 4.458409 4.479634 4.50105 4.50039 4.522926 4.545455 4.567968 4.590466 4.61295 4.63543 4.657918 4.680439
3.828645 3.823445 3.817833 3.811805 3.80538 3.79856 3.791393 3.783908 3.77624 3.796795 3.78833 3.781363 3.776496 3.741735 3.736838 3.731909 3.726721 3.721186 3.731992 3.758551 3.785073 3.811538 3.837954 3.86429 3.890554 3.916741 3.942823 3.968828 3.994717 4.020511 4.045262 4.070322 4.095259 4.074088 4.095407 4.116473 4.137302 4.157885 4.178627 4.200577 4.222312 4.243849 4.265189 4.28631 4.307252 4.328001 4.348558 4.368941 4.389186 4.43392 4.454371 4.47507 4.496179 4.497679 4.520103 4.542511 4.564874 4.587183 4.609447 4.631681 4.653891 4.676097 4.698328
3.883246 3.878089 3.87249 3.866465 3.859987 3.85308 3.845733 3.837991 3.829884 3.821566 3.838418 3.830536 3.798938 3.79481 3.790702 3.786261 3.781412 3.776099 3.770714 3.793295 3.815693 3.840969 3.867752 3.894448 3.921065 3.947583 3.97401 4.000338 4.026556 4.052666 4.078651 4.103623 4.082274 4.103967 4.125413 4.146609 4.16755 4.188229 4.208635 4.228783 4.248652 4.268248 4.28756 4.308082 4.328882 4.34947 4.369855 4.390018 4.41 4.429796 4.471207 4.491468 4.494919 4.517273 4.539594 4.561842 4.583994 4.606063 4.628059 4.650002 4.671916 4.693802 4.715693
3.938884 3.93384 3.928334 3.922359 3.915926 3.909037 3.901674 3.89386 3.885597 3.876935 3.86782 3.867787 3.853489 3.850314 3.846631 3.842436 3.837736 3.832521 3.826799 3.833505 3.85636 3.879016 3.901464 3.924941 3.951875 3.978723 4.005467 4.03211 4.058635 4.08505 4.111354 4.090003 4.112081 4.133907 4.155483 4.176794 4.197834 4.2186 4.239096 4.259306 4.279237 4.298875 4.318233 4.337288 4.356053 4.374528 4.392705 4.411061 4.430812 4.450349 4.469671 4.49436 4.514593 4.536869 4.558999 4.580989 4.602864 4.624624 4.646309 4.667918 4.689487 4.711018 4.73255
3.995605 3.990707 3.985355 3.97953 3.973239 3.966493 3.959288 3.951655 3.943648 3.935402 3.927224 3.912966 3.912909 3.908901 3.904914 3.90058 3.895787 3.890522 3.884761 3.878483 3.897736 3.920791 3.943646 3.966286 3.988696 4.010868 4.037196 4.064131 4.090965 4.117682 4.144274 4.115823 4.141963 4.163914 4.185596 4.207008 4.228143 4.249011 4.269573 4.289854 4.309841 4.329529 4.348909 4.367996 4.386765 4.405235 4.423411 4.441274 4.458857 4.476171 4.493294 4.484974 4.534754 4.556575 4.578339 4.599995 4.621516 4.642932 4.66424 4.685478 4.706649 4.727777 4.748901
4.05339 4.04871 4.043571 4.037981 4.031934 4.025455 4.018566 4.011338 4.003863 3.987422 3.979479 3.972868 3.968192 3.97008 3.965389 3.960634 3.955565 3.950106 3.944179 3.93779 3.939792 3.963232 3.986466 4.009491 4.032294 4.054883 4.077219 4.099315 4.123539 4.150536 4.122859 4.145536 4.167954 4.193956 4.215746 4.237256 4.25849 4.279425 4.300063 4.320415 4.340448 4.360169 4.379592 4.398698 4.417492 4.435974 4.454139 4.472022 4.489626 4.475957 4.493867 4.511636 4.529334 4.583138 4.602166 4.621056 4.6399 4.660906 4.681807 4.70263 4.72338 4.744075 4.764757
4.112254 4.107854 4.102998 4.097692 4.091967 4.085859 4.079402 4.072684 4.054327 4.046684 4.039559 4.033389 4.02842 4.02439 4.027673 4.022396 4.016958 4.011205 4.005064 3.998474 3.991422 4.006296 4.029882 4.053278 4.076469 4.099434 4.122172 4.14467 4.166925 4.134666 4.153969 4.175313 4.197839 4.224036 4.245926 4.267528 4.288831 4.309853 4.330565 4.350969 4.371051 4.390825 4.410271 4.429398 4.448204 4.4667 4.484883 4.502781 4.484232 4.502334 4.520201 4.537869 4.555377 4.572685 4.632224 4.650812 4.669236 4.687478 4.705542 4.723425 4.741155 4.759874 4.78007
4.172192 4.168104 4.163582 4.158639 4.153304 4.147612 4.141635 4.121238 4.113976 4.106976 4.100416 4.094539 4.08944 4.085022 4.081017 4.085664 4.079821 4.07375 4.06734 4.060522 4.05326 4.049954 4.07388 4.097622 4.121172 4.144515 4.167641 4.19054 4.2132 4.17746 4.195389 4.212902 4.232005 4.250933 4.276142 4.297815 4.319201 4.340279 4.361049 4.3815 4.401637 4.42144 4.440918 4.460077 4.478903 4.497402 4.515591 4.491955 4.510308 4.528358 4.546137 4.563668 4.580978 4.598047 4.614868 4.680407 4.698534 4.716472 4.734239 4.751821 4.769249 4.786534 4.803687
4.233171 4.22944 4.225299 4.220754 4.215842 4.210621 4.187999 4.181266 4.174564 4.168089 4.161948 4.156291 4.15117 4.146502 4.142161 4.137967 4.144027 4.137623 4.130925 4.123854 4.116371 4.108445 4.11841 4.142486 4.166382 4.190101 4.213608 4.236906 4.202022 4.220585 4.238753 4.2565 4.273821 4.290823 4.309559 4.331883 4.349726 4.370708 4.39153 4.412029 4.432198 4.452027 4.471528 4.490702 4.509531 4.528039 4.499124 4.517739 4.536025 4.553985 4.571642 4.589017 4.606126 4.622949 4.6395 4.655759 4.727592 4.74522 4.762656 4.77992 4.797008 4.81395 4.830768
4.295157 4.291841 4.288113 4.284003 4.279539 4.274779 4.248386 4.242162 4.235932 4.229908 4.224103 4.218637 4.213526 4.208727 4.204144 4.199676 4.19517 4.202764 4.195777 4.188456 4.180732 4.172575 4.163969 4.187833 4.212086 4.236161 4.260057 4.226024 4.245217 4.264016 4.282416 4.300391 4.317944 4.335049 4.351704 4.372442 4.390472 4.408073 4.425247 4.442528 4.46273 4.482591 4.502106 4.521279 4.540107 4.558589 4.5246 4.543149 4.561343 4.579183 4.596698 4.613897 4.630781 4.647362 4.663627 4.679584 4.695232 4.773675 4.790767 4.807668 4.824399 4.84097 4.857416
4.358145 4.355265 4.35197 4.348309 4.320673 4.315207 4.309562 4.303799 4.298018 4.292371 4.286874 4.281583 4.276507 4.271636 4.266899 4.262205 4.257473 4.252597 4.26182 4.254248 4.246283 4.237916 4.229091 4.233625 4.258224 4.28266 4.306925 4.269283 4.288701 4.307729 4.326349 4.344561 4.362343 4.379676 4.39655 4.412952 4.43298 4.449156 4.4665 4.483401 4.49985 4.515836 4.532601 4.551782 4.511668 4.5309 4.549739 4.56819 4.586255 4.603957 4.621303 4.638303 4.654952 4.671262 4.687235 4.702879 4.718188 4.733185 4.818536 4.83506 4.851406 4.867587 4.883625
4.422117 4.419665 4.416836 4.386411 4.381654 4.376646 4.371448 4.366125 4.360737 4.355445 4.350224 4.345099 4.340102 4.3352 4.330356 4.325499 4.320571 4.315505 4.310234 4.321196 4.313005 4.304402 4.295366 4.285868 4.30476 4.329565 4.292797 4.312792 4.332431 4.35168 4.370543 4.388977 4.406984 4.424543 4.44165 4.458273 4.474414 4.494169 4.509214 4.524953 4.541551 4.557681 4.573338 4.523225 4.538745 4.555715 4.574469 4.592815 4.610767 4.628308 4.645468 4.66224 4.678628 4.694645 4.710307 4.72562 4.740574 4.755194 4.769493 4.862068 4.877995 4.893752 4.909358
4.487013 4.48505 4.451622 4.447607 4.44331 4.43876 4.434003 4.429089 4.42408 4.419107 4.414126 4.409177 4.404271 4.39937 4.394462 4.389495 4.384422 4.379176 4.373718 4.368 4.380842 4.372032 4.362772 4.353066 4.351648 4.330112 4.336304 4.35652 4.376377 4.395853 4.414934 4.433607 4.451849 4.469635 4.486965 4.503824 4.520175 4.480677 4.555506 4.570224 4.584396 4.599652 4.543376 4.559529 4.575141 4.5902 4.604712 4.618677 4.634814 4.652194 4.669151 4.685686 4.701818 4.71754 4.73287 4.747819 4.762386 4.776595 4.79046 4.804017 4.90416 4.919457 4.934593
4.512738 4.516195 4.512986 4.509432 4.505595 4.501491 4.497155 4.49264 4.487986 4.483327 4.478598 4.473814 4.469011 4.464145 4.459201 4.454167 4.448967 4.443584 4.437959 4.432079 4.425898 4.388924 4.379549 4.369711 4.359437 4.372619 4.379991 4.400434 4.420499 4.440198 4.459515 4.478407 4.496881 4.514911 4.532477 4.549555 4.505429 4.521052 4.536167 4.550758 4.564811 4.565927 4.58007 4.595617 4.611313 4.626448 4.641004 4.654982 4.668387 4.681206 4.693447 4.70862 4.72447 4.739889 4.754872 4.769446 4.783621 4.797404 4.810827 4.823905 4.836666 4.878533 4.892729
4.572828 4.572765 4.574914 4.571837 4.56846 4.564791 4.560885 4.556763 4.552446 4.548085 4.543594 4.538996 4.534308 4.529492 4.52455 4.519455 4.514174 4.508669 4.502911 4.496877 4.490532 4.453033 4.443468 4.433466 4.422993 4.415125 4.44054 4.444471 4.464759 4.484697 4.504236 4.52337 4.542077 4.560346 4.578145 4.595461 4.545463 4.561285 4.576581 4.591361 4.605585 4.619236 4.620939 4.634609 4.647637 4.662443 4.677046 4.691049 4.704436 4.71722 4.729382 4.740935 4.751879 4.762222 4.776362 4.790471 4.804221 4.817566 4.830517 4.843109 4.855361 4.89661 4.910278
4.633464 4.633883 4.637392 4.634796 4.631875 4.628656 4.625168 4.621417 4.617445 4.613373 4.609117 4.60471 4.600139 4.595403 4.59048 4.585351 4.579998 4.574408 4.568536 4.562356 4.55587 4.517851 4.508114 4.497918 4.487287 4.476187 4.483357 4.488607 4.509126 4.529282 4.549062 4.568428 4.587383 4.605896 4.623935 4.641492 4.585322 4.60133 4.616824 4.631781 4.646183 4.660006 4.661659 4.675471 4.68863 4.701101 4.712876 4.726832 4.740215 4.752947 4.765037 4.776476 4.787276 4.797437 4.806965 4.815871 4.824934 4.837566 4.849764 4.861579 4.873295 4.913896 4.927001
4.694598 4.695525 4.700384 4.698269 4.695815 4.693029 4.689948 4.686586 4.682946 4.679167 4.67516 4.670932 4.666505 4.661844 4.656952 4.651829 4.646422 4.640751 4.634777 4.62848 4.621855 4.583324 4.573416 4.563047 4.552247 4.540965 4.529202 4.552128 4.553541 4.573928 4.593944 4.613558 4.632755 4.651514 4.669806 4.608225 4.624938 4.641146 4.656842 4.671994 4.686587 4.700583 4.702197 4.71617 4.729449 4.74203 4.75389 4.765024 4.775689 4.788373 4.800377 4.811698 4.822344 4.83231 4.841615 4.850272 4.858282 4.865692 4.872502 4.880552 4.918666 4.931109 4.943342
