Session1/cl_deposition_final.txt
ncols         816
nrows         680
xllcorner     112.875000018
yllcorner     -43.924999998
cellsize      0.050000001
NODATA_value  -9999
[rows 560 to 587 of 680, columns 630 to 692 of 816]
44.78013 44.688 47.44876 50.91639 52.62907 54.77705 58.79578 56.41245 57.72495 61.19808 -9999 59.30983 60.80602 53.44368 49.85682 44.95796 39.96996 35.3256 31.11108 27.17545 23.93962 22.51631 22.03508 21.32595 20.34638 19.17935 18.06426 16.86243 15.64183 14.18251 13.07737 12.05887 11.21915 10.3989 9.67047 9.027993 8.463967 7.970337 7.539025 7.276435 7.217362 7.250574 7.457136 7.700331 7.913106 8.231783 8.589503 8.997616 9.487942 10.03192 10.66304 11.37652 12.2184 13.17132 14.27526 15.60292 17.08288 18.72606 20.60226 22.73006 25.14283 27.93565 31.00876
53.24652 51.82014 55.06179 58.7674 63.03528 57.3093 56.78642 58.79578 -9999 -9999 -9999 60.80602 57.12485 55.36574 57.35644 50.53957 44.14158 38.4561 33.31628 29.10477 27.25081 26.79238 26.12376 25.14767 23.74235 22.30096 20.75491 19.13053 17.52483 16.00151 14.29922 13.04972 12.03218 11.05782 10.20446 9.46095 8.815323 8.256035 7.847978 7.808089 7.742785 7.779952 7.893098 8.188398 8.440207 8.842364 9.291636 9.790498 10.35726 11.03231 11.80219 12.67114 13.66616 14.83706 16.1797 17.6814 19.54318 21.62121 23.94584 26.58393 29.57011 32.97432 36.89987
62.8279 59.53018 62.96878 59.95831 60.90134 63.03528 -9999 -9999 -9999 -9999 -9999 -9999 -9999 57.35644 54.84279 54.6595 47.25049 40.88342 35.21095 32.80936 32.65762 32.12365 31.37736 29.75348 27.87669 25.93743 23.78134 21.80807 19.51871 17.60161 15.87798 14.13633 12.82458 11.68941 10.70904 9.86465 9.164529 8.546687 8.508264 8.471361 8.399613 8.443738 8.513945 8.765768 9.182737 9.549544 10.10653 10.73817 11.43102 12.22043 13.14701 14.22738 15.42147 16.82442 18.44273 20.31179 22.40185 24.95787 27.9041 31.14913 34.85941 39.05204 43.83452
61.96806 61.77562 61.24948 62.02499 59.00793 59.56643 58.80905 60.68345 -9999 -9999 -9999 -9999 -9999 -9999 55.87024 56.81564 48.86321 41.98785 40.69263 39.58815 39.46472 38.87751 37.61572 35.26781 32.97937 30.14117 27.16557 24.30715 21.68805 19.35301 16.7966 15.15428 13.57124 12.32082 11.26165 10.35226 9.590618 9.350628 9.363641 9.329295 9.247063 9.274055 9.394989 9.471598 9.959068 10.4375 11.07051 11.82579 12.7087 13.67379 14.7654 16.03781 17.54174 19.1972 21.15594 23.37327 25.96661 28.89237 32.3578 36.5405 41.12755 46.2452 52.18335
60.2877 57.96385 57.75401 57.874 61.0812 56.93465 60.68345 60.68345 -9999 -9999 -9999 -9999 -9999 56.6157 55.00775 56.13558 48.41715 48.05021 49.26402 47.90928 47.59321 47.00403 44.95743 41.97455 38.24774 34.09332 30.11235 26.52077 23.3727 20.14162 17.92225 16.14845 14.50297 13.15066 11.93902 10.932 10.31308 10.40954 10.44533 10.41583 10.31991 10.31816 10.50263 10.62759 10.86676 11.57757 12.26163 13.14015 14.17111 15.38747 16.7338 18.24287 19.97601 22.05431 24.37048 27.07391 30.12415 33.74703 37.80808 42.55328 48.37542 54.8857 51.10475
57.61401 58.15038 58.12717 56.98448 55.30317 61.60134 59.73981 60.68345 -9999 -9999 -9999 -9999 58.77628 55.41896 56.6157 50.46407 51.8049 57.40646 59.59153 58.21461 56.31786 56.79439 53.44341 48.72798 42.64056 37.06087 32.23432 28.43032 24.60669 21.69392 19.29315 17.35314 15.55528 13.99723 12.65389 11.52705 11.59099 11.74173 11.81152 11.7905 11.67656 11.61489 11.8903 12.0859 12.27458 12.78707 13.77173 14.73334 15.95797 17.34846 19.01801 20.90416 22.99426 25.3746 28.20856 31.45208 35.12641 39.38601 44.36411 50.10709 56.59719 53.2861 54.8857
59.17382 59.84142 61.37831 61.51181 61.6901 59.53154 61.60134 -9999 -9999 -9999 -9999 61.85748 58.10938 58.77628 50.86491 50.62943 55.85327 56.88152 58.74102 58.46886 57.10896 56.56876 59.71939 51.80339 45.75599 40.10172 34.97831 30.22101 26.68834 23.53856 20.78618 18.5174 16.47209 14.72368 13.23359 13.16945 13.19578 13.41327 13.53397 13.52721 13.38907 13.21422 13.62032 13.91976 14.08691 14.58692 15.37581 16.56545 18.07768 19.78597 21.66547 23.94197 26.57414 29.45107 32.73401 36.59411 41.12607 46.13683 52.01197 58.93759 55.21396 56.59719 -9999
59.97337 60.13118 60.91051 61.52674 61.60096 61.6901 64.1823 64.1823 64.1823 -9999 61.43127 60.08211 61.85748 53.69439 48.57929 55.67902 55.62189 58.67715 59.75146 57.27142 56.35207 58.34908 56.60209 56.66055 49.13725 43.55116 37.67131 32.82403 28.60351 24.98025 21.89649 19.38035 17.1555 15.68644 14.91774 15.18615 15.25185 15.50316 15.70072 15.71738 15.54593 15.19555 15.76245 16.21576 16.48496 16.9662 17.62531 18.86131 20.51732 22.58997 24.96572 27.53386 30.62956 34.24055 38.18247 42.72852 47.93521 54.20926 52.82391 55.47478 58.93759 -9999 -9999
64.53416 -9999 -9999 -9999 -9999 -9999 64.1823 64.1823 62.7163 59.80416 57.0166 61.43127 56.95757 51.25999 53.27603 55.34683 60.60089 60.28826 58.50299 53.72836 57.10285 58.22501 58.11476 54.08049 53.6042 45.71266 39.40459 34.06094 29.53812 25.71284 22.47948 20.11126 19.1306 17.99687 17.28678 17.69894 17.89613 18.10418 18.41863 18.47351 18.25478 17.77766 18.3889 19.073 19.50014 19.85408 20.82428 21.56122 23.5443 25.84637 28.71636 31.94528 35.50187 39.64445 44.55849 50.12142 56.24269 52.79572 54.20926 -9999 -9999 -9999 -9999
-9999 -9999 -9999 -9999 -9999 -9999 64.1823 64.86069 65.53907 58.42754 55.44586 52.76172 53.48235 57.51665 62.95742 58.89577 62.29771 61.12675 58.88681 60.21048 57.67287 57.45527 56.98041 59.45873 51.54171 44.67879 38.77934 33.73066 29.38393 25.66894 24.56665 23.60201 22.23019 20.67781 20.18415 20.8146 21.14025 21.40857 21.87815 21.93399 21.64495 21.04962 21.56202 22.59733 23.27473 23.48992 24.72969 25.83318 26.88794 29.56666 33.00726 36.92223 41.33132 46.2422 51.82483 58.46358 54.94257 56.24269 -9999 -9999 -9999 -9999 -9999
-9999 -9999 -9999 -9999 -9999 -9999 -9999 65.53907 61.98331 59.68631 59.33275 56.44309 58.54497 58.12535 61.37624 62.23726 62.32463 63.10543 61.94734 60.21048 59.70147 59.09766 55.39556 52.72507 47.29585 41.83502 36.85113 32.34608 31.19143 30.15107 29.21223 27.75945 25.80822 23.67568 23.68222 24.65096 25.184 25.39589 26.11986 26.33377 25.86831 25.1543 25.30406 26.88241 27.97059 28.35915 29.37957 31.10687 32.30745 34.22104 37.93964 42.59954 47.93473 53.89507 52.60642 55.1442 58.46358 -9999 -9999 -9999 -9999 -9999 -9999
-9999 -9999 -9999 -9999 -9999 -9999 -9999 -9999 -9999 59.33275 57.88792 58.10694 57.49403 58.54497 63.65466 63.65466 60.03925 62.52612 62.84067 62.89046 60.5948 59.79628 51.56601 47.11734 42.26631 37.98723 37.57297 37.83312 37.48455 36.21125 34.79496 32.54131 29.73348 26.82574 27.82183 29.32163 30.20434 30.2825 31.36009 31.76148 31.16104 30.25057 30.54067 31.95435 33.75066 34.46014 35.07504 37.45337 39.22651 40.10093 44.07556 49.20672 55.44199 52.42393 53.89507 -9999 -9999 -9999 -9999 -9999 -9999 -9999 -9999
-9999 -9999 -9999 -9999 -9999 -9999 -9999 -9999 -9999 -9999 -9999 -9999 -9999 -9999 63.65466 61.84695 62.07334 61.28268 62.70829 62.89046 61.34337 57.10797 59.96161 53.47718 47.50414 42.79706 45.09574 45.71532 45.14465 43.66962 41.23618 37.631 33.62358 29.8126 32.54214 34.88532 36.3989 36.59995 37.80688 38.52165 37.55519 36.5158 37.07753 37.60134 40.6934 42.08151 41.76071 44.88445 47.87634 49.30841 50.48405 56.73254 53.79375 55.44199 -9999 -9999 -9999 -9999 -9999 -9999 -9999 -9999 -9999
-9999 -9999 -9999 -9999 -9999 -9999 -9999 -9999 -9999 -9999 -9999 -9999 -9999 -9999 -9999 -9999 -9999 -9999 62.89046 62.89046 62.89046 59.96161 57.77526 59.88698 52.74002 50.66862 53.85499 55.40975 54.32303 52.55212 47.6822 42.02158 36.68632 33.53431 37.45777 41.21487 43.93869 44.41885 45.5569 46.9199 45.08507 44.10758 45.21233 45.62007 48.31551 51.56541 50.37408 54.01176 57.96134 60.6328 59.74818 55.65492 56.73254 -9999 -9999 -9999 -9999 -9999 -9999 -9999 -9999 -9999 -9999
-9999 -9999 -9999 -9999 -9999 -9999 -9999 -9999 -9999 -9999 -9999 -9999 -9999 -9999 -9999 -9999 -9999 -9999 -9999 -9999 -9999 -9999 59.88698 57.31992 59.33276 58.56118 56.2715 62.86298 57.62592 58.46545 51.03605 44.73174 39.06211 37.66965 42.05675 47.24081 52.63 54.08405 53.66013 57.32708 53.13513 52.1091 55.37002 55.71078 55.63453 61.94802 59.67661 61.00264 59.14724 62.12767 60.83622 59.74818 -9999 -9999 -9999 -9999 -9999 -9999 -9999 -9999 -9999 -9999 -9999
-9999 -9999 -9999 -9999 -9999 -9999 -9999 -9999 -9999 -9999 -9999 -9999 -9999 -9999 -9999 -9999 -9999 -9999 -9999 -9999 -9999 -9999 -9999 59.33276 58.94697 58.94697 60.71208 62.86298 61.83086 62.14217 54.04064 46.75747 41.26291 41.82607 47.20522 53.2202 58.71361 54.77195 55.02375 55.93625 59.62267 62.55872 58.36079 62.61201 59.77656 60.05915 60.87576 60.33962 61.56516 62.12767 62.12767 -9999 -9999 -9999 -9999 -9999 -9999 -9999 -9999 -9999 -9999 -9999 -9999
-9999 -9999 -9999 -9999 -9999 -9999 -9999 -9999 -9999 -9999 -9999 -9999 -9999 -9999 -9999 -9999 -9999 -9999 -9999 -9999 -9999 -9999 -9999 -9999 -9999 -9999 -9999 -9999 62.99751 63.85284 56.17984 49.47947 49.35772 50.65078 49.45246 57.14157 56.69143 58.82769 -9999 59.62267 61.01076 61.20909 61.80408 62.46452 62.97745 62.97745 -9999 -9999 -9999 -9999 -9999 -9999 -9999 -9999 -9999 -9999 -9999 -9999 -9999 -9999 -9999 -9999 -9999
-9999 -9999 -9999 -9999 -9999 -9999 -9999 -9999 -9999 -9999 -9999 -9999 -9999 -9999 -9999 -9999 -9999 -9999 -9999 -9999 -9999 -9999 -9999 -9999 -9999 -9999 -9999 -9999 63.85284 60.31801 60.92135 53.32507 58.41621 61.50475 59.49911 55.44001 58.94176 60.03534 60.26551 -9999 60.46162 60.85089 60.9091 62.39077 62.97745 62.97745 -9999 -9999 -9999 -9999 -9999 -9999 -9999 -9999 -9999 -9999 -9999 -9999 -9999 -9999 -9999 -9999 -9999
-9999 -9999 -9999 -9999 -9999 -9999 -9999 -9999 -9999 -9999 -9999 -9999 -9999 -9999 -9999 -9999 -9999 -9999 -9999 -9999 -9999 -9999 -9999 -9999 -9999 -9999 -9999 -9999 -9999 60.92135 57.08973 57.02277 57.5672 59.80669 58.81462 58.6949 60.89873 60.26551 60.4274 57.97498 59.16541 60.07234 59.95902 -9999 -9999 -9999 -9999 -9999 -9999 -9999 -9999 -9999 -9999 -9999 -9999 -9999 -9999 -9999 -9999 -9999 -9999 -9999 -9999
-9999 -9999 -9999 -9999 -9999 -9999 -9999 -9999 -9999 -9999 -9999 -9999 -9999 -9999 -9999 -9999 -9999 -9999 -9999 -9999 -9999 -9999 -9999 -9999 -9999 -9999 -9999 -9999 -9999 -9999 57.02277 57.02277 57.02277 -9999 -9999 60.89873 60.33915 59.85322 58.47253 61.16346 54.7865 58.95384 59.51309 -9999 -9999 -9999 -9999 -9999 -9999 -9999 -9999 -9999 -9999 -9999 -9999 -9999 -9999 -9999 -9999 -9999 -9999 -9999 -9999
-9999 -9999 -9999 -9999 -9999 -9999 -9999 -9999 -9999 -9999 -9999 -9999 -9999 -9999 -9999 -9999 -9999 -9999 -9999 -9999 -9999 -9999 -9999 -9999 -9999 -9999 -9999 -9999 -9999 -9999 -9999 -9999 -9999 -9999 -9999 -9999 59.85322 59.80447 57.44849 53.63197 56.69268 57.33256 58.95384 -9999 -9999 -9999 -9999 -9999 -9999 -9999 -9999 -9999 -9999 -9999 -9999 -9999 -9999 -9999 -9999 -9999 -9999 -9999 -9999
-9999 -9999 -9999 -9999 -9999 -9999 -9999 -9999 -9999 -9999 -9999 -9999 -9999 -9999 -9999 -9999 -9999 -9999 -9999 -9999 -9999 -9999 -9999 -9999 -9999 -9999 -9999 -9999 -9999 -9999 -9999 -9999 -9999 -9999 -9999 -9999 -9999 59.78009 62.11169 55.7706 58.89721 60.20385 65.41366 -9999 -9999 -9999 -9999 -9999 -9999 -9999 -9999 -9999 -9999 -9999 -9999 -9999 -9999 -9999 -9999 -9999 -9999 -9999 -9999
-9999 -9999 -9999 -9999 -9999 -9999 -9999 -9999 -9999 -9999 -9999 -9999 -9999 -9999 -9999 -9999 -9999 -9999 -9999 -9999 -9999 -9999 -9999 -9999 -9999 -9999 -9999 -9999 -9999 -9999 -9999 -9999 -9999 -9999 -9999 -9999 -9999 62.11169 61.58709 64.14738 59.81186 65.41366 65.41366 -9999 -9999 -9999 -9999 -9999 -9999 -9999 -9999 -9999 -9999 -9999 -9999 -9999 -9999 -9999 -9999 -9999 -9999 -9999 -9999
-9999 -9999 -9999 -9999 -9999 -9999 -9999 -9999 -9999 -9999 -9999 -9999 -9999 -9999 -9999 -9999 -9999 -9999 -9999 -9999 -9999 -9999 -9999 -9999 -9999 -9999 -9999 -9999 -9999 -9999 -9999 -9999 -9999 -9999 -9999 -9999 -9999 -9999 64.23304 64.3187 61.62179 62.28244 65.41366 -9999 -9999 -9999 -9999 -9999 -9999 -9999 -9999 -9999 -9999 -9999 -9999 -9999 -9999 -9999 -9999 -9999 -9999 -9999 -9999
-9999 -9999 -9999 -9999 -9999 -9999 -9999 -9999 -9999 -9999 -9999 -9999 -9999 -9999 -9999 -9999 -9999 -9999 -9999 -9999 -9999 -9999 -9999 -9999 -9999 -9999 -9999 -9999 -9999 -9999 -9999 -9999 -9999 -9999 -9999 -9999 -9999 -9999 64.3187 62.97025 62.97025 61.62179 -9999 -9999 -9999 -9999 -9999 -9999 -9999 -9999 -9999 -9999 -9999 -9999 -9999 -9999 -9999 -9999 -9999 -9999 -9999 -9999 -9999
-9999 -9999 -9999 -9999 -9999 -9999 -9999 -9999 -9999 -9999 -9999 -9999 -9999 -9999 -9999 -9999 -9999 -9999 -9999 -9999 -9999 -9999 -9999 -9999 -9999 -9999 -9999 -9999 -9999 -9999 -9999 -9999 -9999 -9999 -9999 -9999 -9999 -9999 -9999 -9999 -9999 -9999 -9999 -9999 -9999 -9999 -9999 -9999 -9999 -9999 -9999 -9999 -9999 -9999 -9999 -9999 -9999 -9999 -9999 -9999 -9999 -9999 -9999
-9999 -9999 -9999 -9999 -9999 -9999 -9999 -9999 -9999 -9999 -9999 -9999 -9999 -9999 -9999 -9999 -9999 -9999 -9999 -9999 -9999 -9999 -9999 -9999 -9999 -9999 -9999 -9999 -9999 -9999 -9999 -9999 -9999 -9999 -9999 -9999 -9999 -9999 -9999 -9999 -9999 -9999 -9999 -9999 -9999 -9999 -9999 -9999 -9999 -9999 -9999 -9999 -9999 -9999 -9999 -9999 -9999 -9999 -9999 -9999 -9999 -9999 -9999
-9999 -9999 -9999 -9999 -9999 -9999 -9999 -9999 -9999 -9999 -9999 -9999 -9999 -9999 -9999 -9999 -9999 -9999 -9999 -9999 -9999 -9999 -9999 -9999 -9999 -9999 -9999 -9999 -9999 -9999 -9999 -9999 -9999 -9999 -9999 -9999 -9999 -9999 -9999 -9999 -9999 -9999 -9999 -9999 -9999 -9999 -9999 -9999 -9999 -9999 -9999 -9999 -9999 -9999 -9999 -9999 -9999 -9999 -9999 -9999 -9999 -9999 -9999
