Session1/cl_deposition_final.txt
ncols         816
nrows         680
xllcorner     112.875000018
yllcorner     -43.924999998
cellsize      0.050000001
NODATA_value  -9999
[rows 252 to 279 of 680, columns 693 to 755 of 816]
8.229603 8.324119 8.421898 8.523395 8.629181 8.739935 8.856443 8.979662 9.110688 9.25083 9.401626 9.564896 9.742784 9.937768 10.15281 10.3913 10.65729 10.95545 11.2912 11.67089 12.10183 12.60546 13.16896 13.81344 14.55149 15.39719 16.36619 17.4755 18.74652 20.19231 21.83159 23.67828 25.7392 28.009 30.85616 34.51378 38.80127 43.82707 49.71701 56.61422 64.6699 73.92233 77.65026 73.6983 67.83767 61.6947 67.26405 73.37472 78.58002 75.19952 72.87923 64.13274 56.88237 52.65451 56.52416 60.62197 66.77303 71.56272 76.7627 80.93861 78.2178 80.12498 82.6293
8.237208 8.33104 8.42801 8.528591 8.633317 8.742845 8.85793 8.979473 9.108534 9.246358 9.394395 9.554382 9.728311 9.918523 10.12778 10.35924 10.61663 10.90427 11.22709 11.59084 12.01334 12.48261 13.0158 13.62251 14.31339 15.10018 15.99539 17.0121 18.16964 19.4699 20.92664 22.71226 24.94631 27.55311 30.59315 34.13399 38.24818 43.00697 48.46228 54.59004 61.09687 66.73759 68.20711 64.18961 60.9064 56.11492 60.32062 64.82534 73.97966 75.57938 76.64947 68.00794 60.37349 53.43329 50.33593 55.19632 59.50928 63.94739 68.103 72.3225 77.20779 77.67575 76.0125
8.242583 8.335562 8.431575 8.531041 8.634505 8.742558 8.85594 8.975493 9.102228 9.237306 9.382102 9.538212 9.707499 9.892156 10.09469 10.31804 10.56559 10.84121 11.14934 11.51165 11.89678 12.33894 12.8387 13.40413 14.04403 14.76773 15.5849 16.50514 17.6247 18.99046 20.57595 22.41613 24.55034 27.02152 29.87492 33.15459 36.89595 41.10903 45.7422 50.60124 55.1805 58.57516 59.33266 57.05154 54.07578 50.63368 55.14294 62.04739 68.90546 77.21275 80.84912 70.85537 62.20614 54.79211 48.44914 49.68601 53.22653 56.5433 60.10627 65.06626 70.68638 79.24353 77.8258
8.24579 8.337784 8.432673 8.530861 8.632855 8.739222 8.850644 8.967926 9.091994 9.223949 9.365056 9.516806 9.680899 9.859324 10.05442 10.26878 10.50546 10.76793 11.07724 11.40644 11.77506 12.17882 12.64327 13.16549 13.75253 14.45195 15.29556 16.26889 17.40426 18.70477 20.2053 21.93429 23.92186 26.19818 28.79036 31.71695 34.97662 38.52906 42.26075 45.92979 49.15088 51.31476 51.7906 50.44034 47.77634 46.4585 51.62952 57.15705 63.44577 70.07032 73.18175 68.00581 60.83117 54.01461 47.97486 44.54499 47.53106 50.43795 54.10262 59.10448 65.35745 70.16397 69.68417
8.246917 8.337792 8.431415 8.528171 8.628508 8.732977 8.842237 8.956984 9.078103 9.206617 9.343685 9.49064 9.649083 9.820777 10.00781 10.21253 10.45277 10.70379 10.98188 11.29091 11.63511 12.0191 12.45732 12.99143 13.60236 14.30237 15.10552 16.02746 17.10023 18.31764 19.71147 21.30304 23.11297 25.15892 27.4515 29.98803 32.74203 35.64726 38.57566 41.32639 43.62816 45.08909 45.41982 44.55806 42.70656 43.22098 47.77644 52.59665 57.80301 62.1484 63.59574 61.13993 56.4053 51.1476 46.04129 41.37402 42.44543 45.25727 49.37793 54.20613 58.6417 61.30115 61.13689
8.246048 8.335709 8.427927 8.523095 8.621619 8.724024 8.830896 8.942906 9.060843 9.185644 9.318368 9.460238 9.61265 9.777225 9.955791 10.16603 10.38151 10.61827 10.87923 11.18127 11.53191 11.92804 12.37697 12.87046 13.45067 14.11232 14.8674 15.72911 16.72864 17.85074 19.12422 20.56353 22.18073 23.98297 25.96848 28.12091 30.40116 32.73729 35.01347 37.09947 38.76556 39.79773 40.04193 39.48322 38.18846 40.18353 44.02444 48.11117 51.84607 54.61342 55.46301 54.08966 51.04239 47.17295 43.15132 39.25489 38.18682 41.52156 45.31828 49.01243 52.00917 53.69578 56.92048
8.243322 8.331623 8.422328 8.515769 8.612354 8.712536 8.816863 8.925943 9.040504 9.16139 9.289547 9.42607 9.572223 9.729417 9.915234 10.1019 10.31424 10.55518 10.82318 11.12255 11.4583 11.83614 12.26254 12.74482 13.27053 13.88928 14.59114 15.38676 16.30672 17.32701 18.47396 19.75618 21.17893 22.74166 24.43466 26.23472 28.09985 29.96355 31.74696 33.32693 34.58065 35.33293 35.51916 35.12059 34.19387 37.16555 40.38601 43.50644 46.18031 48.02681 48.59105 47.74485 45.71963 42.94471 39.83033 36.69483 35.22224 38.23164 41.24491 44.61895 49.96929 55.82828 61.79266
8.238818 8.325676 8.414742 8.506359 8.600859 8.698699 8.800335 8.906348 9.017384 9.134197 9.25763 9.388663 9.54254 9.70083 9.876121 10.06751 10.27762 10.50938 10.76623 11.05206 11.37131 11.72898 12.13073 12.58281 13.0921 13.64103 14.28678 15.01349 15.85127 16.76828 17.78888 18.9172 20.15353 21.49245 22.92012 24.41142 25.92687 27.41588 28.83883 30.04504 30.97061 31.53354 31.68024 31.39907 31.69282 34.24461 36.78263 39.17313 41.08847 42.38127 42.78368 42.23243 40.83964 38.83579 36.47641 33.97704 32.71202 36.51297 40.93148 46.06361 52.01311 58.87946 66.69556
8.232661 8.317967 8.405315 8.494988 8.58731 8.682684 8.781529 8.884375 8.991785 9.104422 9.228107 9.376255 9.521609 9.678145 9.847613 10.03207 10.23384 10.4556 10.70039 10.97164 11.27324 11.60952 11.98524 12.40576 12.87664 13.40394 13.96398 14.62157 15.37763 16.19377 17.093 18.07618 19.14045 20.27767 21.50843 22.7346 23.96075 25.15277 26.2458 27.17714 27.88422 28.31381 28.4316 28.23002 29.35635 31.40853 33.42393 35.23721 36.6336 37.57149 37.87213 37.50063 36.5164 35.05083 33.26364 31.30583 32.82322 36.63606 41.06902 46.21939 52.19457 59.10246 67.00304
8.224956 8.30863 8.394157 8.481805 8.571887 8.664711 8.760701 8.864569 8.974384 9.089935 9.226711 9.358613 9.499484 9.65074 9.813961 9.990985 10.18389 10.39506 10.62715 10.88315 11.16642 11.48061 11.82976 12.21817 12.65043 13.13122 13.66519 14.2217 14.89913 15.61965 16.40568 17.30087 18.20773 19.16501 20.15779 21.16464 22.16342 23.11547 23.97695 24.703 25.25028 25.58302 25.67893 25.53263 27.11663 28.78431 30.36157 31.74909 32.78307 33.48219 33.71418 33.45817 32.74796 31.66207 30.30225 29.25229 32.41853 36.07179 40.27195 45.07024 50.48513 56.5361 63.17692
8.215813 8.297769 8.381412 8.466969 8.558555 8.653586 8.752085 8.854587 8.974541 9.088911 9.209544 9.337374 9.473491 9.619165 9.775812 9.945057 10.12876 10.32896 10.54799 10.78842 11.05307 11.34502 11.66757 12.02422 12.41852 12.85408 13.33429 13.86212 14.48174 15.11057 15.79036 16.51849 17.28933 18.09376 18.91809 19.74692 20.55837 21.32126 22.00432 22.57513 23.00335 23.26448 23.34332 23.68751 25.05322 26.38824 27.62717 28.69906 29.47457 30.00682 30.19015 30.01122 29.49032 28.67603 27.6348 28.60231 31.55946 35.09834 39.18583 43.89056 49.27032 55.46956 62.42905
8.205325 8.2891 8.374748 8.462526 8.552773 8.645824 8.742098 8.855017 8.961196 9.072389 9.18934 9.31291 9.44407 9.583957 9.733814 9.89509 10.06937 10.25844 10.46432 10.68914 10.93529 11.20527 11.50178 11.82755 12.18534 12.57779 13.00724 13.54187 14.05521 14.57292 15.16025 15.78331 16.43633 17.11059 17.79504 18.47792 19.13712 19.75086 20.2957 20.74801 21.08621 21.29325 21.35842 22.0554 23.16912 24.23844 25.21664 26.17263 26.8219 27.23411 27.38015 27.25123 26.85982 26.23746 26.35688 29.07802 32.23892 35.91088 40.17576 45.12727 50.87067 57.52626 65.25167
8.204079 8.286433 8.370543 8.456635 8.544997 8.635954 8.742867 8.842123 8.945396 9.053269 9.16641 9.285588 9.411668 9.54564 9.688602 9.841809 10.00663 10.18462 10.37743 10.58687 10.8149 11.06357 11.33498 11.63128 11.9545 12.30652 12.74416 13.16183 13.61155 14.0927 14.56955 15.10118 15.65315 16.21767 16.78795 17.34923 17.88608 18.38189 18.81889 19.17983 19.44913 19.61465 19.66877 20.56726 21.47308 22.33188 23.19996 23.86318 24.37125 24.69435 24.81311 24.7213 24.42682 24.09693 26.44737 29.17662 32.34619 36.02743 40.3021 45.2649 51.02626 57.70091 65.40031
8.201335 8.28219 8.364669 8.448964 8.546534 8.637115 8.730498 8.827096 8.927366 9.031825 9.141056 9.255761 9.376694 9.504706 9.640772 9.785935 9.941401 10.10845 10.28849 10.48299 10.69354 10.92181 11.16939 11.43792 11.72886 12.08982 12.43215 12.79985 13.19262 13.60946 14.04809 14.4743 14.94037 15.4146 15.88843 16.35056 16.78915 17.19131 17.54373 17.83358 18.04957 18.18281 18.46495 19.22407 20.02545 20.72234 21.34739 21.87332 22.27479 22.53101 22.62852 22.56287 22.33921 23.96647 26.26854 28.93194 32.01088 35.56749 39.67329 44.38698 49.75824 55.78285 62.2779
8.146767 8.276433 8.357188 8.450744 8.53689 8.625278 8.716242 8.810119 8.907318 9.008304 9.113594 9.223795 9.339563 9.461636 9.590852 9.728107 9.874412 10.03083 10.1985 10.37867 10.57258 10.78152 11.00675 11.24944 11.54969 11.83256 12.13542 12.45832 12.80064 13.16113 13.53749 13.92643 14.29658 14.69483 15.08877 15.47015 15.8296 16.15718 16.44282 16.67694 16.85117 16.95898 17.39704 18.06931 18.67492 19.2387 19.74071 20.16084 20.48083 20.68595 20.7666 20.7196 21.72185 23.63618 25.84016 28.37366 31.27805 34.59396 38.3547 42.85434 48.02703 53.91551 60.47349
8.140092 8.221675 8.359211 8.441521 8.52563 8.611785 8.700251 8.791361 8.885454 8.982939 9.084285 9.189992 9.300635 9.416852 9.539359 9.668896 9.806306 9.952488 10.10836 10.2749 10.45312 10.64398 10.84844 11.1005 11.33635 11.58795 11.85542 12.13854 12.43653 12.74799 13.07074 13.4018 13.739 14.05201 14.38012 14.69565 14.99126 15.25921 15.49178 15.68184 15.82311 15.91194 16.47219 16.99078 17.48633 17.94437 18.3497 18.68752 18.94452 19.10997 19.39414 20.8788 22.56684 24.47883 26.63309 29.04197 31.7064 34.91508 38.98551 43.71075 49.195 55.55715 62.92928
8.132031 8.212011 8.350423 8.430836 8.512872 8.596731 8.682685 8.770989 8.861969 8.955962 9.053371 9.154633 9.260245 9.370742 9.486714 9.608808 9.737686 9.874082 10.01876 10.17249 10.33602 10.51012 10.72385 10.92244 11.13336 11.35684 11.59283 11.8409 12.10016 12.36921 12.64606 12.929 13.21435 13.49758 13.75336 14.01515 14.25906 14.47909 14.66932 14.82429 14.96227 15.16801 15.60821 16.03685 16.44362 16.81724 17.14624 17.41951 17.62728 18.51742 19.9103 21.50826 23.33903 25.43212 27.81716 30.52182 33.5666 36.95642 40.66697 44.6539 48.87643 55.07259 62.14159
8.122664 8.200995 8.340305 8.418773 8.498694 8.58027 8.663685 8.749187 8.837055 8.927587 9.021107 9.118007 9.218705 9.323651 9.433319 9.548244 9.668999 9.796143 9.930294 10.07203 10.22196 10.40509 10.57406 10.75271 10.94123 11.13965 11.34779 11.5651 11.79068 12.02321 12.26131 12.50302 12.74483 12.98341 13.2148 13.41734 13.61928 13.80064 13.95686 14.09983 14.19468 14.47326 14.84046 15.19561 15.53055 15.8366 16.1049 16.48415 17.58702 18.85783 20.32282 22.01192 23.95872 26.20081 28.77925 31.73747 35.11887 38.96087 43.28269 48.05798 53.18921 58.35698 63.35802
8.112045 8.253566 8.328918 8.405434 8.483231 8.562485 8.643369 8.726087 8.810869 8.897982 8.987696 9.080355 9.176271 9.275847 9.379481 9.4876 9.60064 9.719085 9.843389 9.97401 10.13266 10.27805 10.43096 10.59161 10.76007 10.93628 11.1199 11.31036 11.50679 11.70806 11.91331 12.11983 12.3252 12.5266 12.72088 12.90458 13.05963 13.20964 13.3492 13.45406 13.54015 13.85297 14.15991 14.45499 14.73172 14.98343 15.67108 16.65409 17.78815 19.09785 20.61166 22.36251 24.3883 26.73254 29.44486 32.58147 36.2053 40.38434 45.18825 50.67694 56.86639 63.61357 70.36874
8.10024 8.242833 8.316364 8.390903 8.466577 8.543519 8.621872 8.701833 8.783574 8.867336 8.953353 9.041864 9.133189 9.227627 9.325493 9.427155 9.53294 9.643235 9.758382 9.897357 10.02391 10.15628 10.29468 10.43919 10.58981 10.74636 10.90849 11.07559 11.24684 11.42175 11.59854 11.77536 11.95018 12.1207 12.2843 12.43821 12.5796 12.70057 12.80738 12.89388 13.03675 13.3004 13.55754 13.80341 14.14304 14.89313 15.75627 16.75117 17.89968 19.227 20.76262 22.54061 24.60062 26.98867 29.75805 32.97051 36.69754 41.02203 46.03961 51.86078 58.61253 66.43903 75.4899
8.087316 8.231001 8.302699 8.37526 8.448806 8.52345 8.599313 8.676548 8.755313 8.835803 8.918199 9.002734 9.089633 9.17916 9.271567 9.367132 9.466117 9.568831 9.691912 9.803365 9.919297 10.03988 10.1652 10.29531 10.4301 10.56933 10.71264 10.85945 11.00933 11.16131 11.31392 11.46567 11.61489 11.75965 11.89785 12.02724 12.14238 12.24626 12.33494 12.40645 12.58595 12.80865 13.02467 13.51572 14.16853 14.91786 15.77968 16.77251 17.91778 19.24035 20.76911 22.53729 24.58347 26.95204 29.69384 32.86698 36.53719 40.7778 45.66722 51.28247 57.67552 64.78688 72.1403
8.073342 8.218126 8.287983 8.358584 8.430027 8.502388 8.575791 8.650352 8.7262 8.803508 8.882417 8.963116 9.045787 9.130641 9.217876 9.307715 9.400363 9.510562 9.609859 9.712581 9.818851 9.928784 10.0424 10.15966 10.28042 10.40444 10.53133 10.66067 10.79209 10.92435 11.05638 11.18699 11.31469 11.43797 11.55508 11.66289 11.76101 11.8478 11.92161 11.99027 12.18257 12.44861 12.94287 13.50698 14.15232 14.8921 15.74162 16.71857 17.84326 19.13917 20.6331 22.35573 24.34179 26.63015 29.26411 32.29015 35.75628 39.7071 44.17331 49.14699 54.52234 60.12099 65.12595
8.136825 8.204278 8.272305 8.340954 8.410285 8.48041 8.551389 8.623327 8.696355 8.770566 8.84612 8.923138 9.001781 9.082211 9.164566 9.249035 9.348721 9.438209 9.530272 9.625021 9.722527 9.822862 9.925987 10.03182 10.14021 10.25086 10.36344 10.47785 10.59314 10.70851 10.82309 10.9358 11.04545 11.15075 11.25082 11.34183 11.42442 11.49717 11.55874 11.65745 11.99964 12.42672 12.91197 13.46481 14.09595 14.81785 15.64478 16.59305 17.68131 18.93064 20.36483 22.01032 23.89616 26.0535 28.51444 31.30988 34.46478 37.99028 41.86742 46.0299 50.40766 54.55853 57.81337
8.123755 8.189503 8.255721 8.322416 8.389691 8.457605 8.526204 8.595591 8.665863 8.737101 8.809421 8.882916 8.957726 9.033959 9.111741 9.202786 9.284306 9.367724 9.453148 9.54063 9.630229 9.721919 9.815661 9.911348 10.0088 10.10775 10.2081 10.30931 10.41071 10.51165 10.61134 10.7089 10.80334 10.89359 10.97938 11.05656 11.12627 11.1874 11.27084 11.59769 11.96605 12.38253 12.85468 13.3912 14.00211 14.69873 15.49401 16.40258 17.44079 18.62696 19.98097 21.52442 23.27963 25.26909 27.51296 30.02637 32.81338 35.85806 39.14909 42.59301 45.9789 48.99507 51.44667
8.109813 8.173863 8.238267 8.303061 8.3683 8.434031 8.500318 8.567228 8.634811 8.703178 8.772394 8.842543 8.913707 8.985979 9.069874 9.144877 9.221253 9.299092 9.378435 9.459321 9.541747 9.625689 9.711056 9.797734 9.88555 9.97435 10.06392 10.15366 10.24311 10.33167 10.41867 10.5034 10.58499 10.66514 10.73649 10.80215 10.86117 10.95618 11.23979 11.55758 11.91489 12.31777 12.7732 13.28914 13.8746 14.53975 15.29592 16.1559 17.1335 18.24387 19.5029 20.92704 22.53206 24.33198 26.33662 28.54792 30.95731 33.57282 36.30767 39.05676 41.65503 43.8735 46.85261
8.03537 8.157403 8.220019 8.282931 8.346169 8.409773 8.473792 8.538284 8.603297 8.668894 8.735123 8.80207 8.869788 8.947701 9.017344 9.087951 9.159589 9.232286 9.306068 9.380952 9.4569 9.53388 9.611773 9.690458 9.769795 9.849759 9.929821 10.00963 10.08876 10.1667 10.24288 10.31668 10.39157 10.45713 10.51832 10.57434 10.67545 10.9221 11.19676 11.5037 11.84779 12.23454 12.67031 13.16215 13.71804 14.34684 15.05831 15.86311 16.77269 17.79893 18.95389 20.24916 21.69478 23.29755 25.05914 26.98644 29.06506 31.24956 33.47841 35.65752 37.65675 39.89859 43.4804
8.018077 8.083463 8.14883 8.262072 8.323341 8.384875 8.446682 8.508842 8.571357 8.634278 8.697672 8.761567 8.834451 8.899649 8.965487 9.03202 9.099266 9.167242 9.235938 9.305376 9.375471 9.44619 9.517406 9.589013 9.661014 9.733041 9.804813 9.875997 9.946211 10.01501 10.08194 10.1521 10.21223 10.2689 10.32152 10.42511 10.64041 10.87856 11.14299 11.43757 11.7667 12.13533 12.54908 13.01417 13.53743 14.12649 14.78947 15.53503 16.37221 17.31001 18.35708 19.5208 20.80637 22.21594 23.76227 25.4227 27.17501 28.98204 30.7875 32.51378 34.2369 37.07719 39.94902
8.000123 8.063886 8.127571 8.191174 8.299899 8.359397 8.419064 8.478927 8.539043 8.599418 8.660082 8.728683 8.790174 8.852051 8.91434 8.977078 9.040265 9.103894 9.167957 9.232415 9.297227 9.362311 9.427576 9.49298 9.558383 9.623455 9.687976 9.751647 9.814137 9.875081 9.934049 9.996277 10.04867 10.09782 10.20156 10.3904 10.59783 10.8266 11.07975 11.36081 11.67367 12.02271 12.41278 12.84928 13.338 13.88527 14.49768 15.18212 15.94541 16.79407 17.73377 18.76857 19.9058 21.14588 22.47808 23.88869 25.35476 26.84167 28.30145 29.67273 31.91243 34.23534 36.51841
